2.815614640712738037e-01
2.803937494754791260e-01
2.792345881462097168e-01
2.780819833278656006e-01
2.769358754158020020e-01
2.757962644100189209e-01
2.746633291244506836e-01
2.735371589660644531e-01
2.724179625511169434e-01
2.713058590888977051e-01
2.702009975910186768e-01
2.691035568714141846e-01
2.680136263370513916e-01
2.669313549995422363e-01
2.658569216728210449e-01
2.647903859615325928e-01
2.637318968772888184e-01
2.626815736293792725e-01
2.616395354270935059e-01
2.606058716773986816e-01
2.595806121826171875e-01
2.585639357566833496e-01
2.575559020042419434e-01
2.565565705299377441e-01
2.555660307407379150e-01
2.545843124389648438e-01
2.536115050315856934e-01
2.526476383209228516e-01
2.516927719116210938e-01
2.507469654083251953e-01
2.498102188110351562e-01
2.488825172185897827e-01
2.479639351367950439e-01
2.470545172691345215e-01
2.461542338132858276e-01
2.452630698680877686e-01
2.443810850381851196e-01
2.435081899166107178e-01
2.426444441080093384e-01
2.417898178100585938e-01
2.409442067146301270e-01
2.401077002286911011e-01
2.392802089452743530e-01
2.384617030620574951e-01
2.376521378755569458e-01
2.368514686822891235e-01
2.360596656799316406e-01
2.352766543626785278e-01
2.345024198293685913e-01
2.337368428707122803e-01
2.329799383878707886e-01
2.322315573692321777e-01
2.314916998147964478e-01
2.307602912187576294e-01
2.300372123718261719e-01
2.293224334716796875e-01
2.286158353090286255e-01
2.279173433780670166e-01
2.272269427776336670e-01
2.265444844961166382e-01
2.258699089288711548e-01
2.252031266689300537e-01
2.245440185070037842e-01
2.238925248384475708e-01
2.232485711574554443e-01
2.226120233535766602e-01
2.219828069210052490e-01
2.213608175516128540e-01
2.207459956407546997e-01
2.201382368803024292e-01
2.195373773574829102e-01
2.189433872699737549e-01
2.183561623096466064e-01
2.177755832672119141e-01
2.172015905380249023e-01
2.166340649127960205e-01
2.160728573799133301e-01
2.155179381370544434e-01
2.149691879749298096e-01
2.144264876842498779e-01
2.138897478580474854e-01
2.133588939905166626e-01
2.128338217735290527e-01
2.123144119977951050e-01
2.118005752563476562e-01
2.112922370433807373e-01
2.107892781496047974e-01
2.102915942668914795e-01
2.097991108894348145e-01
2.093117535114288330e-01
2.088293731212615967e-01
2.083519399166107178e-01
2.078793346881866455e-01
2.074114680290222168e-01
2.069482356309890747e-01
2.064895629882812500e-01
2.060353755950927734e-01
2.055855691432952881e-01
2.051400393247604370e-01
2.046987712383270264e-01
2.042616158723831177e-01
2.038285136222839355e-01
2.033993899822235107e-01
2.029741406440734863e-01
2.025527507066726685e-01
2.021350562572479248e-01
2.017210423946380615e-01
2.013106048107147217e-01
2.009037137031555176e-01
2.005002647638320923e-01
2.001001685857772827e-01
1.997033804655075073e-01
1.993098556995391846e-01
1.989194899797439575e-01
1.985322088003158569e-01
1.981480121612548828e-01
1.977667808532714844e-01
1.973884701728820801e-01
1.970130205154418945e-01
1.966403573751449585e-01
1.962704658508300781e-01
1.959032416343688965e-01
1.955386549234390259e-01
1.951766759157180786e-01
1.948171854019165039e-01
1.944601684808731079e-01
1.941055953502655029e-01
1.937533915042877197e-01
1.934035122394561768e-01
1.930559277534484863e-01
1.927105635404586792e-01
1.923674046993255615e-01
1.920263916254043579e-01
1.916874796152114868e-01
1.913506388664245605e-01
1.910158246755599976e-01
1.906829774379730225e-01
1.903520822525024414e-01
1.900231093168258667e-01
1.896959841251373291e-01
1.893707215785980225e-01
1.890472769737243652e-01
1.887255758047103882e-01
1.884056031703948975e-01
1.880873441696166992e-01
1.877707540988922119e-01
1.874558180570602417e-01
1.871424913406372070e-01
1.868307441473007202e-01
1.865205615758895874e-01
1.862118840217590332e-01
1.859047412872314453e-01
1.855990588665008545e-01
1.852954328060150146e-01
1.850035488605499268e-01
1.847134381532669067e-01
1.844249665737152100e-01
1.841381192207336426e-01
1.838527470827102661e-01
1.835688650608062744e-01
1.832863986492156982e-01
1.830053031444549561e-01
1.827255189418792725e-01
1.824470460414886475e-01
1.821698099374771118e-01
1.818937659263610840e-01
1.816189289093017578e-01
1.813452243804931641e-01
1.810726523399353027e-01
1.808011233806610107e-01
1.805306971073150635e-01
1.802613139152526855e-01
1.799929291009902954e-01
1.797255575656890869e-01
1.794591844081878662e-01
1.791999340057373047e-01
1.789713501930236816e-01
1.787419468164443970e-01
1.785119622945785522e-01
1.782815605401992798e-01
1.780509948730468750e-01
1.778854280710220337e-01
1.777107417583465576e-01
1.775171756744384766e-01
1.773073822259902954e-01
1.770836114883422852e-01
1.768480092287063599e-01
1.766024231910705566e-01
1.763619780540466309e-01
1.762049198150634766e-01
1.760431230068206787e-01
1.758743226528167725e-01
1.756991893053054810e-01
1.755182147026062012e-01
1.753319948911666870e-01
1.751410067081451416e-01
1.749457269906997681e-01
1.747465431690216064e-01
1.745584905147552490e-01
1.744017601013183594e-01
1.742390394210815430e-01
1.740711927413940430e-01
1.738989949226379395e-01
1.737231910228729248e-01
1.735443770885467529e-01
1.733675599098205566e-01
1.732132434844970703e-01
1.730515062808990479e-01
1.728830933570861816e-01
1.727235317230224609e-01
1.725700497627258301e-01
1.724177300930023193e-01
1.722576022148132324e-01
1.721106320619583130e-01
1.719717085361480713e-01
1.718260198831558228e-01
1.716732680797576904e-01
1.715209186077117920e-01
1.713703125715255737e-01
1.712272167205810547e-01
1.710834950208663940e-01
1.709471195936203003e-01
1.708094328641891479e-01
1.706750094890594482e-01
1.705384701490402222e-01
1.704040467739105225e-01
1.702664494514465332e-01
1.701403260231018066e-01
1.700104326009750366e-01
1.698778122663497925e-01
1.697391569614410400e-01
1.696219146251678467e-01
1.694988310337066650e-01
1.693736910820007324e-01
1.692440211772918701e-01
1.691321134567260742e-01
1.690121442079544067e-01
1.688808798789978027e-01
1.687485277652740479e-01
1.686350405216217041e-01
1.685112118721008301e-01
1.683947443962097168e-01
1.682825982570648193e-01
1.681619882583618164e-01
1.680458486080169678e-01
1.679384261369705200e-01
1.678257286548614502e-01
1.677082329988479614e-01
1.675960570573806763e-01
1.674959659576416016e-01
1.673871278762817383e-01
1.672694087028503418e-01
1.671736836433410645e-01
1.670685410499572754e-01
1.669513136148452759e-01
1.668595969676971436e-01
1.667634695768356323e-01
1.666565239429473877e-01
1.665401160717010498e-01
1.664437651634216309e-01
1.663516759872436523e-01
1.662461906671524048e-01
1.661384105682373047e-01
1.660434901714324951e-01
1.659449338912963867e-01
1.658432185649871826e-01
1.657404899597167969e-01
1.656520217657089233e-01
1.655604243278503418e-01
1.654629111289978027e-01
1.653586924076080322e-01
1.652636379003524780e-01
1.651759296655654907e-01
1.650797873735427856e-01
1.649927496910095215e-01
1.649066060781478882e-01
1.648148000240325928e-01
1.647209823131561279e-01
1.646244674921035767e-01
1.645458936691284180e-01
1.644569933414459229e-01
1.643618643283843994e-01
1.642856597900390625e-01
1.642047166824340820e-01
1.641141772270202637e-01
1.640151590108871460e-01
1.639360487461090088e-01
1.638590097427368164e-01
1.637662202119827271e-01
1.636721491813659668e-01
1.635978221893310547e-01
1.635158956050872803e-01
1.634255647659301758e-01
1.633376181125640869e-01
1.632690727710723877e-01
1.631876528263092041e-01
1.630940884351730347e-01
1.630249023437500000e-01
1.629510074853897095e-01
1.628680229187011719e-01
1.627769470214843750e-01
1.627004295587539673e-01
1.626277714967727661e-01
1.625395119190216064e-01
1.624630540609359741e-01
1.623834967613220215e-01
1.623068302869796753e-01
1.622247248888015747e-01
1.621519625186920166e-01
1.620748341083526611e-01
1.619990766048431396e-01
1.619262397289276123e-01
1.618457436561584473e-01
1.617752611637115479e-01
1.617017984390258789e-01
1.616285741329193115e-01
1.615523695945739746e-01
1.614846438169479370e-01
1.614057272672653198e-01
1.613321006298065186e-01
1.612674742937088013e-01
1.611968278884887695e-01
1.611180603504180908e-01
1.610331237316131592e-01
1.609621345996856689e-01
1.608994901180267334e-01
1.608303487300872803e-01
1.607532501220703125e-01
1.606846451759338379e-01
1.606135070323944092e-01
1.605422347784042358e-01
1.604776680469512939e-01
1.604072302579879761e-01
1.603319644927978516e-01
1.602623164653778076e-01
1.601889282464981079e-01
1.601293981075286865e-01
1.600659489631652832e-01
1.599945127964019775e-01
1.599159836769104004e-01
1.598610877990722656e-01
1.597975790500640869e-01
1.597150266170501709e-01
1.596530973911285400e-01
1.595958620309829712e-01
1.595303714275360107e-01
1.594599783420562744e-01
1.593905836343765259e-01
1.593186259269714355e-01
1.592455655336380005e-01
1.591762751340866089e-01
1.591157615184783936e-01
1.590552330017089844e-01
1.589870601892471313e-01
1.589120626449584961e-01
1.588627398014068604e-01
1.588010191917419434e-01
1.587194949388504028e-01
1.586630493402481079e-01
1.586093008518218994e-01
1.585474312305450439e-01
1.584784239530563354e-01
1.584029495716094971e-01
1.583319604396820068e-01
1.582877784967422485e-01
1.582297831773757935e-01
1.581512689590454102e-01
1.580796986818313599e-01
1.580241471529006958e-01
1.579674780368804932e-01
1.579033285379409790e-01
1.578325629234313965e-01
1.577605009078979492e-01
1.576981991529464722e-01
1.576371937990188599e-01
1.575663983821868896e-01
1.575081199407577515e-01
1.574458628892898560e-01
1.573770046234130859e-01
1.573263406753540039e-01
1.572631597518920898e-01
1.571901887655258179e-01
1.571322381496429443e-01
1.570673733949661255e-01
1.570053547620773315e-01
1.569378674030303955e-01
1.568800359964370728e-01
1.568193435668945312e-01
1.567600965499877930e-01
1.566978991031646729e-01
1.566330194473266602e-01
1.565699726343154907e-01
1.565102934837341309e-01
1.564494371414184570e-01
1.563884764909744263e-01
1.563248187303543091e-01
1.562651693820953369e-01
1.562060415744781494e-01
1.561458110809326172e-01
1.560888439416885376e-01
1.560392379760742188e-01
1.559764742851257324e-01
1.559221148490905762e-01
1.558683812618255615e-01
1.558132171630859375e-01
1.557556837797164917e-01
1.557126641273498535e-01
1.556496769189834595e-01
1.556015014648437500e-01
1.555540561676025391e-01
1.554996967315673828e-01
1.554425358772277832e-01
1.553858965635299683e-01
1.553266495466232300e-01
1.552757322788238525e-01
1.552144140005111694e-01
1.551634520292282104e-01
1.551166772842407227e-01
1.550630033016204834e-01
1.550031006336212158e-01
1.549380272626876831e-01
1.548829525709152222e-01
1.548299789428710938e-01
1.547795534133911133e-01
1.547266840934753418e-01
1.546708941459655762e-01
1.546227484941482544e-01
1.545581370592117310e-01
1.545009911060333252e-01
1.544487178325653076e-01
1.543992757797241211e-01
1.543416082859039307e-01
1.542970687150955200e-01
1.542461961507797241e-01
1.541889160871505737e-01
1.541259288787841797e-01
1.540705263614654541e-01
1.540157943964004517e-01
1.539630889892578125e-01
1.539140343666076660e-01
1.538616269826889038e-01
1.538034677505493164e-01
1.537461131811141968e-01
1.536862552165985107e-01
1.536354720592498779e-01
1.535791456699371338e-01
1.535326540470123291e-01
1.534835398197174072e-01
1.534280180931091309e-01
1.533666551113128662e-01
1.533111184835433960e-01
1.532558649778366089e-01
1.531938314437866211e-01
1.531435251235961914e-01
1.530899852514266968e-01
1.530335247516632080e-01
1.529744565486907959e-01
1.529271155595779419e-01
1.528693884611129761e-01
1.528244614601135254e-01
1.527744233608245850e-01
1.527180373668670654e-01
1.526559740304946899e-01
1.525938361883163452e-01
1.525398641824722290e-01
1.524847447872161865e-01
1.524329036474227905e-01
1.523794680833816528e-01
1.523284912109375000e-01
1.522713303565979004e-01
1.522130668163299561e-01
1.521539688110351562e-01
1.521062850952148438e-01
1.520563066005706787e-01
1.520041078329086304e-01
1.519488394260406494e-01
1.518907397985458374e-01
1.518301963806152344e-01
1.517744809389114380e-01
1.517185568809509277e-01
1.516723632812500000e-01
1.516213715076446533e-01
1.515642106533050537e-01
1.515014767646789551e-01
1.514513194561004639e-01
1.513938903808593750e-01
1.513378769159317017e-01
1.512923836708068848e-01
1.512409597635269165e-01
1.511834412813186646e-01
1.511204391717910767e-01
1.510617434978485107e-01
1.510259211063385010e-01
1.509692221879959106e-01
1.508931368589401245e-01
1.508437544107437134e-01
1.507924497127532959e-01
1.507350504398345947e-01
1.506722122430801392e-01
1.506300270557403564e-01
1.505726426839828491e-01
1.505074799060821533e-01
1.504580378532409668e-01
1.504023969173431396e-01
1.503411531448364258e-01
1.502882838249206543e-01
1.502266377210617065e-01
1.501802802085876465e-01
1.501319110393524170e-01
1.500772237777709961e-01
1.500168591737747192e-01
1.499605774879455566e-01
1.499024629592895508e-01
1.498577147722244263e-01
1.497951447963714600e-01
1.497307270765304565e-01
1.496848762035369873e-01
1.496350318193435669e-01
1.495790779590606689e-01
1.495176106691360474e-01
1.494511365890502930e-01
1.494053602218627930e-01
1.493599265813827515e-01
1.492874026298522949e-01
1.492308974266052246e-01
1.491856127977371216e-01
1.491337567567825317e-01
1.490759998559951782e-01
1.490134298801422119e-01
1.489559710025787354e-01
1.488957554101943970e-01
1.488330364227294922e-01
1.487882733345031738e-01
1.487234383821487427e-01
1.486646831035614014e-01
1.486140787601470947e-01
1.485574543476104736e-01
1.484954357147216797e-01
1.484427899122238159e-01
1.483834683895111084e-01
1.483193337917327881e-01
1.482689380645751953e-01
1.482152342796325684e-01
1.481583118438720703e-01
1.480984538793563843e-01
1.480389237403869629e-01
1.479815542697906494e-01
1.479281783103942871e-01
1.478690207004547119e-01
1.478156745433807373e-01
1.477545797824859619e-01
1.476999819278717041e-01
1.476451158523559570e-01
1.475872397422790527e-01
1.475310027599334717e-01
1.474717259407043457e-01
1.474105417728424072e-01
1.473520398139953613e-01
1.472969055175781250e-01
1.472361683845520020e-01
1.471875905990600586e-01
1.471225023269653320e-01
1.470721662044525146e-01
1.470200270414352417e-01
1.469620019197463989e-01
1.468991041183471680e-01
1.468404382467269897e-01
1.467789113521575928e-01
1.467291712760925293e-01
1.466599553823471069e-01
1.466132700443267822e-01
1.465626657009124756e-01
1.465059816837310791e-01
1.464438587427139282e-01
1.463768184185028076e-01
1.463177800178527832e-01
1.462583094835281372e-01
1.462020128965377808e-01
1.461498737335205078e-01
1.460919082164764404e-01
1.460326015949249268e-01
1.459727436304092407e-01
1.459100693464279175e-01
1.458563059568405151e-01
1.457869112491607666e-01
1.457309275865554810e-01
1.456806063652038574e-01
1.456250548362731934e-01
1.455639004707336426e-01
1.454977393150329590e-01
1.454512625932693481e-01
1.453879475593566895e-01
1.453250050544738770e-01
1.452734172344207764e-01
1.452158689498901367e-01
1.451529860496520996e-01
1.450920104980468750e-01
1.450309157371520996e-01
1.449902206659317017e-01
1.449202895164489746e-01
1.448541283607482910e-01
1.448049694299697876e-01
1.447495818138122559e-01
1.446886211633682251e-01
1.446226239204406738e-01
1.445520818233489990e-01
1.445175111293792725e-01
1.444607079029083252e-01
1.443732529878616333e-01
1.443313956260681152e-01
1.442868858575820923e-01
1.442357003688812256e-01
1.441785097122192383e-01
1.441158950328826904e-01
1.440484374761581421e-01
1.439765691757202148e-01
1.439158469438552856e-01
1.438528746366500854e-01
1.438169479370117188e-01
1.437584459781646729e-01
1.436690837144851685e-01
1.436079442501068115e-01
1.435677707195281982e-01
1.435209512710571289e-01
1.434676647186279297e-01
1.434085816144943237e-01
1.433442234992980957e-01
1.432751417160034180e-01
1.432018280029296875e-01
1.431246548891067505e-01
1.430659890174865723e-01
1.430190056562423706e-01
1.429396122694015503e-01
1.428829431533813477e-01
1.428342610597610474e-01
1.427793502807617188e-01
1.427187621593475342e-01
1.426530629396438599e-01
1.425828039646148682e-01
1.425186097621917725e-01
1.424551010131835938e-01
1.423936337232589722e-01
1.423305571079254150e-01
1.422681510448455811e-01
1.422156095504760742e-01
1.421592831611633301e-01
1.420973986387252808e-01
1.420305371284484863e-01
1.419591903686523438e-01
1.419191360473632812e-01
1.418628245592117310e-01
1.417825818061828613e-01
1.417182385921478271e-01
1.416654884815216064e-01
1.416068226099014282e-01
1.415428072214126587e-01
1.414837390184402466e-01
1.414224803447723389e-01
1.413580179214477539e-01
1.412906944751739502e-01
1.412350386381149292e-01
1.411578655242919922e-01
1.411016434431076050e-01
1.410512924194335938e-01
1.409947574138641357e-01
1.409326493740081787e-01
1.408654898405075073e-01
1.407938003540039062e-01
1.407237350940704346e-01
1.406636536121368408e-01
1.405934691429138184e-01
1.405299305915832520e-01
1.404717713594436646e-01
1.404137015342712402e-01
1.403515487909317017e-01
1.402889937162399292e-01
1.402236223220825195e-01
1.401604861021041870e-01
1.400923132896423340e-01
1.400299221277236938e-01
1.399613022804260254e-01
1.399005204439163208e-01
1.398388445377349854e-01
1.397781223058700562e-01
1.397154480218887329e-01
1.396477222442626953e-01
1.395924687385559082e-01
1.395175009965896606e-01
1.394568234682083130e-01
1.393916904926300049e-01
1.393372267484664917e-01
1.392650157213211060e-01
1.392025947570800781e-01
1.391350775957107544e-01
1.390908360481262207e-01
1.390129029750823975e-01
1.389575302600860596e-01
1.389041543006896973e-01
1.388447284698486328e-01
1.387799233198165894e-01
1.387102305889129639e-01
1.386380642652511597e-01
1.385714113712310791e-01
1.385017335414886475e-01
1.384607851505279541e-01
1.383850723505020142e-01
1.383102685213088989e-01
1.382563412189483643e-01
1.381964385509490967e-01
1.381311416625976562e-01
1.380609571933746338e-01
1.379887908697128296e-01
1.379211395978927612e-01
1.378636062145233154e-01
1.378006041049957275e-01
1.377324759960174561e-01
1.376597285270690918e-01
1.375977694988250732e-01
1.375554949045181274e-01
1.374820172786712646e-01
1.374089717864990234e-01
1.373444050550460815e-01
1.372882872819900513e-01
1.372283995151519775e-01
1.371630281209945679e-01
1.370927393436431885e-01
1.370179802179336548e-01
1.369392275810241699e-01
1.368923783302307129e-01
1.368324905633926392e-01
1.367382258176803589e-01
1.366899311542510986e-01
1.366391479969024658e-01
1.365820020437240601e-01
1.365190297365188599e-01
1.364508420228958130e-01
1.363779604434967041e-01
1.363008618354797363e-01
1.362203508615493774e-01
1.361507177352905273e-01
1.361023783683776855e-01
1.360333412885665894e-01
1.359435170888900757e-01
1.358847022056579590e-01
1.358202546834945679e-01
1.357506811618804932e-01
1.356765478849411011e-01
1.356299519538879395e-01
1.355564743280410767e-01
1.354772746562957764e-01
1.354148685932159424e-01
1.353471279144287109e-01
1.352830827236175537e-01
1.352154910564422607e-01
1.351515352725982666e-01
1.350762546062469482e-01
1.350105106830596924e-01
1.349446326494216919e-01
1.348737180233001709e-01
1.348151564598083496e-01
1.347433924674987793e-01
1.346736550331115723e-01
1.346095651388168335e-01
1.345402896404266357e-01
1.344735175371170044e-01
1.344058066606521606e-01
1.343375891447067261e-01
1.342660635709762573e-01
1.341972351074218750e-01
1.341302990913391113e-01
1.340591609477996826e-01
1.340004205703735352e-01
1.339256763458251953e-01
1.338512748479843140e-01
1.337803453207015991e-01
1.337068974971771240e-01
1.336319893598556519e-01
1.335530281066894531e-01
1.334702968597412109e-01
1.333880126476287842e-01
1.333293616771697998e-01
1.332491934299468994e-01
1.331581175327301025e-01
1.330832839012145996e-01
1.330029070377349854e-01
1.329174935817718506e-01
1.328378021717071533e-01
1.327535808086395264e-01
1.326740980148315430e-01
1.325915455818176270e-01
1.325134038925170898e-01
1.324302554130554199e-01
1.323506236076354980e-01
1.322672367095947266e-01
1.321827024221420288e-01
1.321093291044235229e-01
1.320201307535171509e-01
1.319384872913360596e-01
1.318636983633041382e-01
1.317809671163558960e-01
1.317043304443359375e-01
1.316281408071517944e-01
1.315491348505020142e-01
1.314887404441833496e-01
1.313989162445068359e-01
1.313251256942749023e-01
1.312510669231414795e-01
1.311764568090438843e-01
1.311011612415313721e-01
1.310213506221771240e-01
1.309448778629302979e-01
1.308781206607818604e-01
1.307958215475082397e-01
1.307240128517150879e-01
1.306471526622772217e-01
1.305733770132064819e-01
1.304932832717895508e-01
1.304158270359039307e-01
1.303499490022659302e-01
1.302673816680908203e-01
1.301962137222290039e-01
1.301216930150985718e-01
1.300423741340637207e-01
1.299696564674377441e-01
1.298927068710327148e-01
1.298182904720306396e-01
1.297425329685211182e-01
1.296621859073638916e-01
1.296115219593048096e-01
1.295248121023178101e-01
1.294484138488769531e-01
1.293836086988449097e-01
1.293130964040756226e-01
1.292374730110168457e-01
1.291571855545043945e-01
1.290727108716964722e-01
1.289908140897750854e-01
1.289474070072174072e-01
1.288674175739288330e-01
1.287638992071151733e-01
1.286971867084503174e-01
1.286250203847885132e-01
1.285478919744491577e-01
1.284662932157516479e-01
1.283986568450927734e-01
1.283142864704132080e-01
1.282372474670410156e-01
1.281637102365493774e-01
1.280954182147979736e-01
1.280168145895004272e-01
1.279423087835311890e-01
1.278636604547500610e-01
1.277924180030822754e-01
1.277166157960891724e-01
1.276411414146423340e-01
1.275660991668701172e-01
1.275014132261276245e-01
1.274110823869705200e-01
1.273424327373504639e-01
1.272694319486618042e-01
1.271915286779403687e-01
1.271216124296188354e-01
1.270405054092407227e-01
1.269702166318893433e-01
1.268990039825439453e-01
1.268269419670104980e-01
1.267588436603546143e-01
1.266940534114837646e-01
1.266247034072875977e-01
1.265713721513748169e-01
1.264813989400863647e-01
1.263961046934127808e-01
1.263349354267120361e-01
1.262726187705993652e-01
1.262043267488479614e-01
1.261307299137115479e-01
1.260523051023483276e-01
1.259758472442626953e-01
1.259148865938186646e-01
1.258357316255569458e-01
1.257614195346832275e-01
1.256978511810302734e-01
1.256284713745117188e-01
1.255538314580917358e-01
1.254818141460418701e-01
1.254039555788040161e-01
1.253428161144256592e-01
1.252659857273101807e-01
1.251840442419052124e-01
1.251219362020492554e-01
1.250538975000381470e-01
1.249805092811584473e-01
1.249082982540130615e-01
1.248342916369438171e-01
1.247565299272537231e-01
1.247025132179260254e-01
1.246185451745986938e-01
1.245506107807159424e-01
1.244903579354286194e-01
1.244243681430816650e-01
1.243528053164482117e-01
1.242762580513954163e-01
1.241951808333396912e-01
1.241208016872406006e-01
1.240474656224250793e-01
1.239688470959663391e-01
1.239060834050178528e-01
1.238364651799201965e-01
1.237642765045166016e-01
1.236902847886085510e-01
1.236129850149154663e-01
1.235383301973342896e-01
1.234692782163619995e-01
1.233959347009658813e-01
1.233259811997413635e-01
1.232529580593109131e-01
1.231801584362983704e-01
1.231107264757156372e-01
1.230369508266448975e-01
1.229704469442367554e-01
1.229010969400405884e-01
1.228312030434608459e-01
1.227560937404632568e-01
1.226814389228820801e-01
1.226085200905799866e-01
1.225357055664062500e-01
1.224689409136772156e-01
1.223927140235900879e-01
1.223248988389968872e-01
1.222547143697738647e-01
1.221793442964553833e-01
1.221069395542144775e-01
1.220402419567108154e-01
1.219601854681968689e-01
1.218932271003723145e-01
1.218204498291015625e-01
1.217439696192741394e-01
1.216887682676315308e-01
1.216119825839996338e-01
1.215334683656692505e-01
1.214647144079208374e-01
1.213906183838844299e-01
1.213154792785644531e-01
1.212447881698608398e-01
1.211675107479095459e-01
1.210941225290298462e-01
1.210268661379814148e-01
1.209598630666732788e-01
1.208873242139816284e-01
1.208098456263542175e-01
1.207505390048027039e-01
1.206721588969230652e-01
1.205910891294479370e-01
1.205218210816383362e-01
1.204483881592750549e-01
1.203743666410446167e-01
1.203039959073066711e-01
1.202282756567001343e-01
1.201654002070426941e-01
1.200802996754646301e-01
1.200123280286788940e-01
1.199389100074768066e-01
1.198675632476806641e-01
1.197930574417114258e-01
1.197201609611511230e-01
1.196440830826759338e-01
1.195714324712753296e-01
1.195013076066970825e-01
1.194325834512710571e-01
1.193569302558898926e-01
1.192798167467117310e-01
1.192134171724319458e-01
1.191356033086776733e-01
1.190618127584457397e-01
1.189951077103614807e-01
1.189206987619400024e-01
1.188516542315483093e-01
1.187751069664955139e-01
1.187010854482650757e-01
1.186332181096076965e-01
1.185591667890548706e-01
1.184895709156990051e-01
1.184146702289581299e-01
1.183350086212158203e-01
1.182784363627433777e-01
1.181933730840682983e-01
1.181266009807586670e-01
1.180644109845161438e-01
1.179962605237960815e-01
1.179248243570327759e-01
1.178483441472053528e-01
1.177672147750854492e-01
1.176858693361282349e-01
1.176106408238410950e-01
1.175577342510223389e-01
1.174720078706741333e-01
1.173973381519317627e-01
1.173345446586608887e-01
1.172681301832199097e-01
1.171959936618804932e-01
1.171193793416023254e-01
1.170400157570838928e-01
1.169563233852386475e-01
1.169031262397766113e-01
1.168350130319595337e-01
1.167435795068740845e-01
1.166645437479019165e-01
1.166020780801773071e-01
1.165335848927497864e-01
1.164610907435417175e-01
1.163912117481231689e-01
1.163203269243240356e-01
1.162460148334503174e-01
1.161676719784736633e-01
1.160852238535881042e-01
1.160096526145935059e-01
1.159313023090362549e-01
1.158674061298370361e-01
1.157982200384140015e-01
1.157128214836120605e-01
1.156420633196830750e-01
1.155696809291839600e-01
1.154906526207923889e-01
1.154301166534423828e-01
1.153499335050582886e-01
1.152712106704711914e-01
1.152021139860153198e-01
1.151352673768997192e-01
1.150626093149185181e-01
1.149901971220970154e-01
1.149160414934158325e-01
1.148369908332824707e-01
1.147597655653953552e-01
1.146903112530708313e-01
1.146053671836853027e-01
1.145346239209175110e-01
1.144692450761795044e-01
1.143987625837326050e-01
1.143248006701469421e-01
1.142459362745285034e-01
1.141703128814697266e-01
1.141177415847778320e-01
1.140271872282028198e-01
1.139609888195991516e-01
1.138989180326461792e-01
1.138319820165634155e-01
1.137605458498001099e-01
1.136852279305458069e-01
1.136051267385482788e-01
1.135206818580627441e-01
1.134379729628562927e-01
1.133987605571746826e-01
1.133277714252471924e-01
1.132232397794723511e-01
1.131597608327865601e-01
1.131024807691574097e-01
1.130386292934417725e-01
1.129688471555709839e-01
1.128936707973480225e-01
1.128177344799041748e-01
1.127383261919021606e-01
1.126523911952972412e-01
1.125791817903518677e-01
1.125064194202423096e-01
1.124300658702850342e-01
1.123500615358352661e-01
1.122669726610183716e-01
1.121894866228103638e-01
1.121256053447723389e-01
1.120555177330970764e-01
1.119837164878845215e-01
1.119089648127555847e-01
1.118334904313087463e-01
1.117568761110305786e-01
1.116808876395225525e-01
1.116086766123771667e-01
1.115363985300064087e-01
1.114598959684371948e-01
1.113864183425903320e-01
1.113139986991882324e-01
1.112564206123352051e-01
1.111624762415885925e-01
1.110910400748252869e-01
1.110214069485664368e-01
1.109463796019554138e-01
1.108753606677055359e-01
1.107980012893676758e-01
1.107245311141014099e-01
1.106531918048858643e-01
1.105842515826225281e-01
1.105101183056831360e-01
1.104398220777511597e-01
1.103672087192535400e-01
1.102957725524902344e-01
1.102103590965270996e-01
1.101421192288398743e-01
1.100739985704421997e-01
1.099981963634490967e-01
1.099179387092590332e-01
1.098588556051254272e-01
1.097832992672920227e-01
1.096972972154617310e-01
1.096262186765670776e-01
1.095510646700859070e-01
1.094780936837196350e-01
1.094066277146339417e-01
1.093347817659378052e-01
1.092532351613044739e-01
1.091882884502410889e-01
1.091154515743255615e-01
1.090354099869728088e-01
1.089655309915542603e-01
1.088878959417343140e-01
1.088157519698143005e-01
1.087411865592002869e-01
1.086676940321922302e-01
1.085968986153602600e-01
1.085245907306671143e-01
1.084478050470352173e-01
1.083718240261077881e-01
1.083068475127220154e-01
1.082248315215110779e-01
1.081528514623641968e-01
1.080807074904441833e-01
1.080084294080734253e-01
1.079378426074981689e-01
1.078640073537826538e-01
1.077900975942611694e-01
1.077124029397964478e-01
1.076456159353256226e-01
1.075781732797622681e-01
1.075073629617691040e-01
1.074315905570983887e-01
1.073509454727172852e-01
1.072942391037940979e-01
1.072190850973129272e-01
1.071262508630752563e-01
1.070659980177879333e-01
1.069995313882827759e-01
1.069306731224060059e-01
1.068646013736724854e-01
1.067921817302703857e-01
1.067185327410697937e-01
1.066462472081184387e-01
1.065705120563507080e-01
1.064908057451248169e-01
1.064119040966033936e-01
1.063294410705566406e-01
1.062467843294143677e-01
1.061979234218597412e-01
1.061276942491531372e-01
1.060393452644348145e-01
1.059719324111938477e-01
1.059065163135528564e-01
1.058397740125656128e-01
1.057678461074829102e-01
1.056905686855316162e-01
1.056085228919982910e-01
1.055248677730560303e-01
1.054576858878135681e-01
1.053964346647262573e-01
1.053065881133079529e-01
1.052366346120834351e-01
1.051780581474304199e-01
1.051140502095222473e-01
1.050439253449440002e-01
1.049682870507240295e-01
1.048876792192459106e-01
1.048025935888290405e-01
1.047210842370986938e-01
1.046539992094039917e-01
1.045765727758407593e-01
1.045064851641654968e-01
1.044315099716186523e-01
1.043560504913330078e-01
1.042831242084503174e-01
1.042073741555213928e-01
1.041388586163520813e-01
1.040624380111694336e-01
1.039884388446807861e-01
1.039176583290100098e-01
1.038443222641944885e-01
1.037715598940849304e-01
1.036947146058082581e-01
1.036286801099777222e-01
1.035501733422279358e-01
1.034802198410034180e-01
1.034085303544998169e-01
1.033314540982246399e-01
1.032622605562210083e-01
1.031874418258666992e-01
1.031129509210586548e-01
1.030398011207580566e-01
1.029640063643455505e-01
1.028999090194702148e-01
1.028239503502845764e-01
1.027542799711227417e-01
1.026782989501953125e-01
1.026172190904617310e-01
1.025374457240104675e-01
1.024668365716934204e-01
1.023961156606674194e-01
1.023256629705429077e-01
1.022563725709915161e-01
1.021791100502014160e-01
1.021101772785186768e-01
1.020372509956359863e-01
1.019590273499488831e-01
1.018833965063095093e-01
1.018113493919372559e-01
1.017398536205291748e-01
1.016746461391448975e-01
1.016015261411666870e-01
1.015232205390930176e-01
1.014482527971267700e-01
1.013740673661231995e-01
1.013074517250061035e-01
1.012294292449951172e-01
1.011613607406616211e-01
1.010856628417968750e-01
1.010250896215438843e-01
1.009472087025642395e-01
1.008799076080322266e-01
1.008109897375106812e-01
1.007363125681877136e-01
1.006626635789871216e-01
1.005868837237358093e-01
1.005143001675605774e-01
1.004355922341346741e-01
1.003680974245071411e-01
1.002885475754737854e-01
1.002189815044403076e-01
1.001511067152023315e-01
1.000866442918777466e-01
1.000047624111175537e-01
9.994129836559295654e-02
9.987593442201614380e-02
9.980444610118865967e-02
9.972742199897766113e-02
9.964543581008911133e-02
9.957613050937652588e-02
9.951168298721313477e-02
9.943307936191558838e-02
9.935138374567031860e-02
9.928433597087860107e-02
9.921611845493316650e-02
9.914598613977432251e-02
9.907343983650207520e-02
9.899899363517761230e-02
9.892753511667251587e-02
9.885156154632568359e-02
9.878101199865341187e-02
9.870512783527374268e-02
9.863182902336120605e-02
9.856526553630828857e-02
9.849713742733001709e-02
9.842543303966522217e-02
9.835065901279449463e-02
9.827243536710739136e-02
9.820496290922164917e-02
9.813392162322998047e-02
9.807577729225158691e-02
9.800985455513000488e-02
9.793610870838165283e-02
9.785714000463485718e-02
9.778183698654174805e-02
9.770131111145019531e-02
9.764596819877624512e-02
9.757009893655776978e-02
9.749396145343780518e-02
9.742952138185501099e-02
9.736299514770507812e-02
9.728878736495971680e-02
9.721980988979339600e-02
9.714566171169281006e-02
9.706617891788482666e-02
9.699836373329162598e-02
9.692282974720001221e-02
9.684593975543975830e-02
9.678131341934204102e-02
9.671530127525329590e-02
9.664157032966613770e-02
9.656091034412384033e-02
9.649173170328140259e-02
9.642805904150009155e-02
9.634691476821899414e-02
9.627504646778106689e-02
9.620230644941329956e-02
9.613219648599624634e-02
9.606139361858367920e-02
9.598842263221740723e-02
9.591788053512573242e-02
9.584598243236541748e-02
9.576891362667083740e-02
9.568325430154800415e-02
9.560842812061309814e-02
9.551620483398437500e-02
9.543280303478240967e-02
9.534321725368499756e-02
9.525464475154876709e-02
9.516187757253646851e-02
9.507967531681060791e-02
9.498120844364166260e-02
9.489856660366058350e-02
9.481261670589447021e-02
9.472112357616424561e-02
9.462547302246093750e-02
9.452487528324127197e-02
9.443056583404541016e-02
9.433773159980773926e-02
9.423874318599700928e-02
9.414379298686981201e-02
9.405024349689483643e-02
9.395322203636169434e-02
9.385868906974792480e-02
9.376063942909240723e-02
9.366782009601593018e-02
9.357501566410064697e-02
9.347718954086303711e-02
9.338065981864929199e-02
9.328451007604598999e-02
9.318755567073822021e-02
9.309519827365875244e-02
9.299817681312561035e-02
9.290327131748199463e-02
9.281252324581146240e-02
9.270998835563659668e-02
9.261964261531829834e-02
9.252506494522094727e-02
9.242574870586395264e-02
9.233705699443817139e-02
9.224294871091842651e-02
9.214408695697784424e-02
9.205403923988342285e-02
9.196196496486663818e-02
9.186499565839767456e-02
9.177121520042419434e-02
9.167551994323730469e-02
9.157508611679077148e-02
9.147809445858001709e-02
9.138329327106475830e-02
9.129051119089126587e-02
9.120239317417144775e-02
9.110230207443237305e-02
9.100708365440368652e-02
9.091491997241973877e-02
9.081976115703582764e-02
9.072814136743545532e-02
9.063825756311416626e-02
9.054277837276458740e-02
9.044925123453140259e-02
9.036114811897277832e-02
9.026326239109039307e-02
9.016797691583633423e-02
9.008300304412841797e-02
8.998610079288482666e-02
8.988846838474273682e-02
8.979428559541702271e-02
8.970779180526733398e-02
8.961810171604156494e-02
8.952501416206359863e-02
8.943122625350952148e-02
8.933302760124206543e-02
8.924353122711181641e-02
8.914471417665481567e-02
8.905765414237976074e-02
8.896738290786743164e-02
8.887262642383575439e-02
8.878257870674133301e-02
8.869351446628570557e-02
8.859738707542419434e-02
8.851255476474761963e-02
8.842134475708007812e-02
8.832341432571411133e-02
8.823635429143905640e-02
8.814717829227447510e-02
8.805745840072631836e-02
8.796738088130950928e-02
8.787294477224349976e-02
8.777924627065658569e-02
8.768452703952789307e-02
8.759824186563491821e-02
8.750480413436889648e-02
8.742247521877288818e-02
8.733707666397094727e-02
8.725024759769439697e-02
8.715861290693283081e-02
8.706273138523101807e-02
8.696750551462173462e-02
8.688086271286010742e-02
8.679106831550598145e-02
8.668892085552215576e-02
8.660352230072021484e-02
8.652026951313018799e-02
8.643281459808349609e-02
8.634807169437408447e-02
8.625987172126770020e-02
8.616414666175842285e-02
8.607790619134902954e-02
8.598574995994567871e-02
8.588781952857971191e-02
8.579960465431213379e-02
8.570574223995208740e-02
8.562502264976501465e-02
8.554211258888244629e-02
8.544375002384185791e-02
8.535695821046829224e-02
8.527196943759918213e-02
8.518752455711364746e-02
8.509671688079833984e-02
8.500038087368011475e-02
8.490799367427825928e-02
8.482078462839126587e-02
8.472899347543716431e-02
8.463709056377410889e-02
8.455014228820800781e-02
8.446338772773742676e-02
8.437991142272949219e-02
8.428785949945449829e-02
8.420503139495849609e-02
8.411840349435806274e-02
8.402745425701141357e-02
8.394347876310348511e-02
8.385752886533737183e-02
8.376084268093109131e-02
8.367365598678588867e-02
8.358649909496307373e-02
8.351624757051467896e-02
8.343044668436050415e-02
8.333025872707366943e-02
8.324746042490005493e-02
8.316387236118316650e-02
8.307880163192749023e-02
8.299162983894348145e-02
8.289736509323120117e-02
8.281276375055313110e-02
8.272770047187805176e-02
8.263762295246124268e-02
8.254238963127136230e-02
8.245407044887542725e-02
8.236657083034515381e-02
8.228643238544464111e-02
8.220420777797698975e-02
8.212088048458099365e-02
8.203576505184173584e-02
8.194648474454879761e-02
8.186198025941848755e-02
8.177174627780914307e-02
8.168167620897293091e-02
8.160041272640228271e-02
8.151259273290634155e-02
8.142980188131332397e-02
8.135123550891876221e-02
8.126579970121383667e-02
8.118157088756561279e-02
8.108855783939361572e-02
8.100853860378265381e-02
8.092400431632995605e-02
8.083541691303253174e-02
8.075045794248580933e-02
8.066320419311523438e-02
8.058208972215652466e-02
8.049540221691131592e-02
8.041267096996307373e-02
8.032621443271636963e-02
8.023600280284881592e-02
8.016664534807205200e-02
8.007797598838806152e-02
7.998317480087280273e-02
7.990305125713348389e-02
7.981862127780914307e-02
7.974231243133544922e-02
7.965681701898574829e-02
7.957373559474945068e-02
7.948265969753265381e-02
7.939476519823074341e-02
7.931423187255859375e-02
7.922954112291336060e-02
7.914742827415466309e-02
7.906728982925415039e-02
7.898291200399398804e-02
7.890333235263824463e-02
7.881602644920349121e-02
7.872577011585235596e-02
7.864283770322799683e-02
7.855992019176483154e-02
7.848169654607772827e-02
7.840108871459960938e-02
7.831703126430511475e-02
7.823261618614196777e-02
7.814454287290573120e-02
7.806213200092315674e-02
7.797284424304962158e-02
7.789224386215209961e-02
7.780868560075759888e-02
7.772604376077651978e-02
7.764610648155212402e-02
7.756052911281585693e-02
7.748381793498992920e-02
7.740060985088348389e-02
7.732108980417251587e-02
7.724138349294662476e-02
7.715772092342376709e-02
7.708303630352020264e-02
7.699635624885559082e-02
7.690867781639099121e-02
7.682964205741882324e-02
7.674864679574966431e-02
7.667008042335510254e-02
7.658824324607849121e-02
7.650531828403472900e-02
7.642245292663574219e-02
7.634046673774719238e-02
7.625832408666610718e-02
7.618011534214019775e-02
7.609916478395462036e-02
7.602687925100326538e-02
7.594387233257293701e-02
7.586403191089630127e-02
7.578511536121368408e-02
7.570234686136245728e-02
7.562322914600372314e-02
7.553596049547195435e-02
7.545662671327590942e-02
7.537329196929931641e-02
7.529714703559875488e-02
7.522305846214294434e-02
7.514472305774688721e-02
7.506398856639862061e-02
7.498016208410263062e-02
7.490833848714828491e-02
7.484624534845352173e-02
7.477318495512008667e-02
7.468830794095993042e-02
7.460571080446243286e-02
7.452724874019622803e-02
7.444303482770919800e-02
7.437071204185485840e-02
7.429677248001098633e-02
7.422947883605957031e-02
7.414841651916503906e-02
7.407444715499877930e-02
7.400347292423248291e-02
7.392367720603942871e-02
7.385045289993286133e-02
7.377482950687408447e-02
7.369221746921539307e-02
7.361818104982376099e-02
7.355704903602600098e-02
7.347927987575531006e-02
7.339960336685180664e-02
7.333414256572723389e-02
7.326513528823852539e-02
7.319147884845733643e-02
7.311363518238067627e-02
7.303835451602935791e-02
7.296355068683624268e-02
7.288935035467147827e-02
7.281253486871719360e-02
7.274378091096878052e-02
7.267583906650543213e-02
7.259809225797653198e-02
7.252213358879089355e-02
7.244612276554107666e-02
7.238042354583740234e-02
7.229771465063095093e-02
7.223130762577056885e-02
7.216463983058929443e-02
7.209281623363494873e-02
7.202127575874328613e-02
7.194577902555465698e-02
7.186634838581085205e-02
7.180985808372497559e-02
7.174597680568695068e-02
7.165669649839401245e-02
7.158327847719192505e-02
7.152137160301208496e-02
7.145404815673828125e-02
7.138308882713317871e-02
7.130932062864303589e-02
7.123322784900665283e-02
7.115639001131057739e-02
7.107877731323242188e-02
7.100842893123626709e-02
7.094296067953109741e-02
7.086595147848129272e-02
7.079900801181793213e-02
7.073146849870681763e-02
7.066193222999572754e-02
7.059304416179656982e-02
7.051803171634674072e-02
7.045292109251022339e-02
7.038214802742004395e-02
7.030111551284790039e-02
7.023864984512329102e-02
7.016994059085845947e-02
7.009363174438476562e-02
7.002899050712585449e-02
6.996280699968338013e-02
6.989114731550216675e-02
6.981862336397171021e-02
6.974930316209793091e-02
6.967408955097198486e-02
6.960418075323104858e-02
6.953503191471099854e-02
6.945816427469253540e-02
6.939186155796051025e-02
6.932032108306884766e-02
6.925113499164581299e-02
6.918658316135406494e-02
6.911826878786087036e-02
6.904245913028717041e-02
6.897302716970443726e-02
6.890286505222320557e-02
6.883580237627029419e-02
6.876540184020996094e-02
6.870044767856597900e-02
6.863471865653991699e-02
6.856586039066314697e-02
6.849201023578643799e-02
6.842741370201110840e-02
6.835677474737167358e-02
6.827908754348754883e-02
6.822177767753601074e-02
6.815399229526519775e-02
6.808150559663772583e-02
6.800870597362518311e-02
6.794206053018569946e-02
6.787825375795364380e-02
6.780889630317687988e-02
6.774607300758361816e-02
6.767851859331130981e-02
6.760693341493606567e-02
6.753345578908920288e-02
6.746749579906463623e-02
6.742061674594879150e-02
6.734714657068252563e-02
6.726199388504028320e-02
6.720033288002014160e-02
6.713871657848358154e-02
6.707248091697692871e-02
6.700196117162704468e-02
6.692758202552795410e-02
6.687706708908081055e-02
6.680247932672500610e-02
6.672848761081695557e-02
6.666949391365051270e-02
6.659829616546630859e-02
6.652824580669403076e-02
6.646202504634857178e-02
6.639837473630905151e-02
6.633132696151733398e-02
6.625705212354660034e-02
6.619356572628021240e-02
6.612526625394821167e-02
6.605301797389984131e-02
6.599541753530502319e-02
6.593072414398193359e-02
6.585781276226043701e-02
6.579247862100601196e-02
6.573015451431274414e-02
6.566433608531951904e-02
6.560276448726654053e-02
6.553665548563003540e-02
6.546182185411453247e-02
6.539781391620635986e-02
6.533265113830566406e-02
6.527395546436309814e-02
6.520929932594299316e-02
6.513852626085281372e-02
6.507737934589385986e-02
6.501553207635879517e-02
6.494889408349990845e-02
6.488025933504104614e-02
6.481794267892837524e-02
6.474727392196655273e-02
6.468008458614349365e-02
6.461150199174880981e-02
6.454566866159439087e-02
6.448578834533691406e-02
6.442077457904815674e-02
6.435485929250717163e-02
6.428650766611099243e-02
6.422244757413864136e-02
6.415210664272308350e-02
6.410242617130279541e-02
6.404250860214233398e-02
6.397523730993270874e-02
6.391102075576782227e-02
6.384629756212234497e-02
6.377762556076049805e-02
6.371301412582397461e-02
6.364920735359191895e-02
6.358060240745544434e-02
6.351147592067718506e-02
6.345212459564208984e-02
6.338656693696975708e-02
6.332815438508987427e-02
6.326571106910705566e-02
6.319870799779891968e-02
6.313119828701019287e-02
6.306482106447219849e-02
6.300138682126998901e-02
6.293860822916030884e-02
6.287483125925064087e-02
6.281274557113647461e-02
6.274687498807907104e-02
6.269440799951553345e-02
6.262221932411193848e-02
6.256558001041412354e-02
6.250867247581481934e-02
6.245049834251403809e-02
6.238511949777603149e-02
6.232080608606338501e-02
6.225390732288360596e-02
6.218730658292770386e-02
6.212255358695983887e-02
6.207032874226570129e-02
6.200146302580833435e-02
6.193977594375610352e-02
6.187959760427474976e-02
6.181658059358596802e-02
6.175579875707626343e-02
6.168874353170394897e-02
6.162437051534652710e-02
6.156736612319946289e-02
6.150349974632263184e-02
6.144008412957191467e-02
6.138227880001068115e-02
6.131897494196891785e-02
6.125441938638687134e-02
6.119419634342193604e-02
6.113615632057189941e-02
6.107488647103309631e-02
6.100976094603538513e-02
6.094867736101150513e-02
6.088160723447799683e-02
6.081739068031311035e-02
6.076063960790634155e-02
6.069512665271759033e-02
6.063797324895858765e-02
6.057706102728843689e-02
6.051421165466308594e-02
6.045299023389816284e-02
6.038883700966835022e-02
6.032581627368927002e-02
6.027621030807495117e-02
6.021165102720260620e-02
6.014526635408401489e-02
6.009098514914512634e-02
6.003232300281524658e-02
5.997351557016372681e-02
5.990727990865707397e-02
5.984255671501159668e-02
5.977882072329521179e-02
5.972783267498016357e-02
5.965699255466461182e-02
5.960163474082946777e-02
5.954363569617271423e-02
5.948404595255851746e-02
5.942169204354286194e-02
5.936104804277420044e-02
5.930207669734954834e-02
5.923754349350929260e-02
5.918072536587715149e-02
5.911917984485626221e-02
5.906274542212486267e-02
5.900445580482482910e-02
5.894920229911804199e-02
5.889063328504562378e-02
5.882775038480758667e-02
5.876501649618148804e-02
5.870331823825836182e-02
5.864129215478897095e-02
5.858870595693588257e-02
5.853469669818878174e-02
5.846739560365676880e-02
5.840559676289558411e-02
5.835454165935516357e-02
5.829658731818199158e-02
5.823890492320060730e-02
5.818182602524757385e-02
5.812172964215278625e-02
5.805724859237670898e-02
5.800468474626541138e-02
5.793802440166473389e-02
5.787969008088111877e-02
5.782955884933471680e-02
5.777613446116447449e-02
5.771187320351600647e-02
5.765392258763313293e-02
5.759507045149803162e-02
5.753256008028984070e-02
5.748224258422851562e-02
5.742496252059936523e-02
5.736203864216804504e-02
5.729841068387031555e-02
5.724034458398818970e-02
5.717850103974342346e-02
5.712303146719932556e-02
5.707104876637458801e-02
5.701047182083129883e-02
5.694730207324028015e-02
5.688749253749847412e-02
5.683517083525657654e-02
5.677810311317443848e-02
5.672055855393409729e-02
5.666277185082435608e-02
5.660453438758850098e-02
5.654702335596084595e-02
5.648708343505859375e-02
5.642929673194885254e-02
5.636945739388465881e-02
5.632473528385162354e-02
5.626738443970680237e-02
5.620571970939636230e-02
5.614468082785606384e-02
5.608905851840972900e-02
5.603399127721786499e-02
5.597820132970809937e-02
5.592312663793563843e-02
5.586577951908111572e-02
5.580786988139152527e-02
5.574652925133705139e-02
5.569343641400337219e-02
5.563714355230331421e-02
5.558930337429046631e-02
5.553131178021430969e-02
5.547120794653892517e-02
5.540847405791282654e-02
5.535480380058288574e-02
5.530391260981559753e-02
5.524964630603790283e-02
5.519482493400573730e-02
5.513639003038406372e-02
5.507799610495567322e-02
5.502073094248771667e-02
5.496017634868621826e-02
5.490653961896896362e-02
5.484860390424728394e-02
5.479650944471359253e-02
5.473793298006057739e-02
5.468187108635902405e-02
5.462852865457534790e-02
5.457122623920440674e-02
5.451177060604095459e-02
5.445998162031173706e-02
5.440248176455497742e-02
5.434936285018920898e-02
5.429465323686599731e-02
5.423953384160995483e-02
5.418223142623901367e-02
5.413163825869560242e-02
5.408044904470443726e-02
5.401489138603210449e-02
5.396324396133422852e-02
5.391884967684745789e-02
5.386377125978469849e-02
5.380345135927200317e-02
5.375419929623603821e-02
5.370101332664489746e-02
5.364020168781280518e-02
5.358287692070007324e-02
5.352356284856796265e-02
5.347037315368652344e-02
5.341619625687599182e-02
5.335899814963340759e-02
5.331029742956161499e-02
5.325390398502349854e-02
5.320177599787712097e-02
5.314701795578002930e-02
5.309280008077621460e-02
5.304155126214027405e-02
5.298521742224693298e-02
5.293112248182296753e-02
5.288630723953247070e-02
5.283151194453239441e-02
5.276769027113914490e-02
5.272141844034194946e-02
5.266291648149490356e-02
5.261030048131942749e-02
5.256136506795883179e-02
5.250800773501396179e-02
5.245704203844070435e-02
5.239906907081604004e-02
5.234152078628540039e-02
5.229170620441436768e-02
5.223955959081649780e-02
5.218569189310073853e-02
5.212577432394027710e-02
5.207525938749313354e-02
5.202162638306617737e-02
5.196620523929595947e-02
5.191384255886077881e-02
5.186212435364723206e-02
5.180812627077102661e-02
5.175710096955299377e-02
5.170626193284988403e-02
5.165648460388183594e-02
5.160265415906906128e-02
5.154830962419509888e-02
5.149548128247261047e-02
5.144660919904708862e-02
5.139115452766418457e-02
5.133580416440963745e-02
5.128728970885276794e-02
5.123917013406753540e-02
5.118682235479354858e-02
5.113196372985839844e-02
5.107966065406799316e-02
5.102539807558059692e-02
5.097852647304534912e-02
5.092065036296844482e-02
5.087615549564361572e-02
5.082479491829872131e-02
5.076331645250320435e-02
5.071399360895156860e-02
5.066968128085136414e-02
5.062021687626838684e-02
5.056499317288398743e-02
5.051803216338157654e-02
5.047033727169036865e-02
5.041915550827980042e-02
5.036535114049911499e-02
5.030961334705352783e-02
5.025976896286010742e-02
5.020576715469360352e-02
5.014678835868835449e-02
5.009618401527404785e-02
5.004975572228431702e-02
4.999472200870513916e-02
4.994811490178108215e-02
4.989778250455856323e-02
4.984819516539573669e-02
4.979713633656501770e-02
4.974595084786415100e-02
4.969532415270805359e-02
4.964264109730720520e-02
4.958952963352203369e-02
4.953572526574134827e-02
4.948769509792327881e-02
4.943211376667022705e-02
4.938486963510513306e-02
4.933648928999900818e-02
4.928094521164894104e-02
4.923046752810478210e-02
4.918600618839263916e-02
4.913679510354995728e-02
4.908704757690429688e-02
4.903794080018997192e-02
4.898710176348686218e-02
4.893498122692108154e-02
4.888861253857612610e-02
4.883781820535659790e-02
4.878392815589904785e-02
4.873349517583847046e-02
4.867979511618614197e-02
4.863257706165313721e-02
4.858365654945373535e-02
4.853121191263198853e-02
4.848213493824005127e-02
4.843356460332870483e-02
4.838379099965095520e-02
4.833285510540008545e-02
4.828189313411712646e-02
4.823506623506546021e-02
4.818445071578025818e-02
4.813698679208755493e-02
4.808649048209190369e-02
4.803658276796340942e-02
4.799033328890800476e-02
4.793804511427879333e-02
4.789053276181221008e-02
4.784213751554489136e-02
4.779203236103057861e-02
4.774503037333488464e-02
4.769396781921386719e-02
4.764509201049804688e-02
4.759660363197326660e-02
4.754776507616043091e-02
4.750114306807518005e-02
4.745429009199142456e-02
4.740358144044876099e-02
4.735700786113739014e-02
4.730887711048126221e-02
4.726275801658630371e-02
4.721254482865333557e-02
4.716555774211883545e-02
4.711630195379257202e-02
4.706618934869766235e-02
4.701685905456542969e-02
4.696894809603691101e-02
4.691966250538825989e-02
4.687546193599700928e-02
4.682789742946624756e-02
4.677916690707206726e-02
4.673521965742111206e-02
4.668305814266204834e-02
4.663371294736862183e-02
4.658525437116622925e-02
